<?xml version="1.0"?>
<opencv_storage>
<vocabulary type_id="opencv-matrix">
  <rows>1</rows>
  <cols>128</cols>
  <dt>d</dt>
  <data>
    2.3564155144459870e-18 5.5627796894990513e-18 1.1357264487750022e-17
    2.6701609604921089e-19 1.2619137647181541e-18 1.6703844844376680e-18
    4.4634939276574691e-18 1.2063344348290044e-12 2.1909454331705163e-12
    5.7986161477666566e-14 1.4338492960362404e-12 2.0566925991049546e-11
    4.3841873639480138e-11 -2.6479868819926421e-12
    4.7427775289120508e-12 1.1239623096142913e-13 1.2479791098924571e-12
    2.4848888653336589e-13 1.9570166203491566e-12
    -5.4712056396101369e-12 3.1309872716377996e-11
    3.3495141810171710e-12 5.9648316455340255e-12
    -1.2152236324617894e-19 6.7814539524281489e-18
    2.7409148983957822e-18 9.5859741538829844e-18
    -1.2836771904326747e-17 3.9620836581599198e-17
    -1.1408608062046250e-18 5.8567699424922491e-18
    3.9340529973177068e-13 3.1467610800074017e-12
    -3.2326136470579459e-13 3.2212139392196427e-12
    -1.6012874534223979e-14 4.1766431953970851e-13
    -7.0357881438066678e-14 8.1169925673341845e-13
    1.2462396853265972e-07 1.3606637694508072e-06 8.6814129764902856e-09
    4.5950841482359929e-07 -9.8988575744089211e-10
    1.9723350914857262e-07 -3.5647469990996044e-09
    1.1108451220427047e-07 6.1716674990691341e-08 7.8818509205381682e-07
    9.9149082082007814e-08 8.0589536736945006e-07 3.6343874766460790e-10
    4.6965291729692615e-07 4.0737410604520970e-09 1.1581846793794212e-07
    3.0866953912740962e-13 1.0467777182952596e-11 4.5963483983305332e-12
    1.5866218363444117e-11 -1.2922943887712415e-13
    2.2377204807262185e-12 1.7962919173861338e-13 9.4601392701596897e-13
    -1.2241067264523497e-11 1.6411219436635439e-11
    3.3536165313411367e-13 1.5749823325249676e-12
    -2.4771559729036703e-14 3.6407489772815020e-13
    9.1041699815261706e-14 5.7733218006843939e-12 8.3827044459265464e-09
    7.8854812915497499e-07 2.3430654338767016e-07 7.1880749380516493e-07
    4.7735575750474416e-10 2.4414737910677427e-07 3.8861352073559998e-09
    1.1084738205184794e-07 1.5850504638990362e-07 1.3077730102831721e-06
    4.1664687165988718e-08 6.4603761973311032e-07
    -1.0884828879975886e-10 3.8841919131856015e-07
    -4.9756256434527066e-09 1.0867929875223850e-07
    3.6318292821535782e-13 1.1948730243943749e-11 8.4414760827485646e-12
    1.8805559356098581e-11 6.8418549222090220e-16 1.8329569738236879e-12
    -3.1273564552026435e-13 1.3921102177935037e-12
    8.2440495657332213e-19 5.0855408877177323e-18
    -1.0476454541212467e-18 2.7174433717325740e-18
    -4.5010007911705278e-19 1.3465821898010874e-18
    -2.3590237933577485e-19 2.7596457008274605e-18
    5.4218836464447446e-14 1.7886267268940438e-12 2.6827458510634918e-13
    1.3676873903077072e-12 7.4521221876010275e-13 4.1011988233072925e-12
    3.2007234439276387e-13 1.8895117680053102e-12 1.4755670245186609e-13
    2.4136883214851523e-12 1.3503188621552309e-13 1.1410652103002826e-12
    3.1631067358460747e-14 8.0107507594912355e-12 2.4134998138656953e-13
    1.5970160528250625e-12 1.0785138376290328e-18 5.9471530214129676e-18
    8.6324652248097204e-18 2.2529018677809268e-17 1.6262960220241450e-18
    1.5826203716749571e-17 -4.2470461710998473e-19
    1.8620437537276567e-18 -3.3254874961948723e-19</data></vocabulary>
</opencv_storage>
